15:28:43.277 -> 1713,1426,1129,1170,1434,1903,
15:28:43.356 -> 1717,1427,1127,1172,1450,1901,
15:28:43.485 -> 1693,1418,1124,1165,1424,1874,
15:28:43.577 -> 1723,1439,1142,1183,1451,1919,
15:28:43.701 -> 1716,1426,1125,1169,1435,1900,
15:28:43.779 -> 1699,1420,1125,1170,1429,1883,
15:28:43.904 -> 1689,1414,1120,1161,1420,1861,
15:28:43.983 -> 1715,1427,1125,1169,1433,1902,
15:28:48.952 -> 1705,1422,1125,1169,1428,1883,
15:28:49.045 -> 1686,1413,1119,1160,1419,1863,
15:28:49.155 -> 1708,1424,1122,1177,1427,1896,
15:28:49.247 -> 1713,1429,1129,1176,1437,1904,
15:28:49.340 -> 1690,1417,1120,1164,1423,1868,
15:28:49.469 -> 1702,1418,1120,1167,1423,1883,
15:28:49.562 -> 1716,1426,1125,1169,1434,1900,
15:28:49.655 -> 1692,1417,1122,1164,1423,1870,
15:28:49.771 -> 1689,1411,1117,1161,1417,1867,
15:28:49.862 -> 1714,1427,1125,1169,1433,1901,
15:28:49.981 -> 1707,1425,1128,1170,1437,1891,
15:28:50.074 -> 1684,1408,1117,1161,1414,1859,
15:28:50.167 -> 1712,1424,1125,1169,1433,1896,
15:28:50.293 -> 1708,1422,1125,1166,1442,1889,
15:28:50.369 -> 1686,1410,1116,1160,1416,1860,
15:28:50.492 -> 1730,1446,1143,1188,1461,1930,
15:28:52.221 -> 1710,1423,1126,1168,1435,1897,
15:28:52.342 -> 1712,1428,1128,1169,1436,1899,
15:28:52.434 -> 1689,1411,1117,1164,1417,1864,
15:28:52.559 -> 1689,1414,1117,1161,1417,1873,
15:28:52.648 -> 1722,1432,1129,1174,1441,1909,
15:28:52.741 -> 1694,1419,1121,1166,1425,1872,
15:28:52.863 -> 1688,1416,1119,1163,1419,1870,
15:28:52.955 -> 1716,1426,1126,1170,1438,1903,
15:28:53.046 -> 1713,1425,1126,1171,1434,1897,
15:28:53.171 -> 1687,1412,1117,1159,1421,1859,
15:28:53.262 -> 1710,1426,1126,1170,1435,1897,
15:28:53.354 -> 1720,1433,1131,1175,1445,1910,
15:28:53.475 -> 1688,1411,1119,1161,1417,1865,
15:28:53.552 -> 1693,1414,1117,1159,1420,1872,
15:28:53.687 -> 1713,1426,1128,1173,1431,1903,
15:28:53.764 -> 1703,1427,1125,1170,1430,1887,
15:28:53.887 -> 1689,1414,1120,1161,1423,1873,
15:28:53.969 -> 1740,1451,1145,1189,1465,1946,
15:28:54.093 -> 1713,1426,1127,1172,1435,1894,
15:28:50.801 -> 1688,1413,1116,1157,1416,1868,
15:28:50.894 -> 1719,1429,1126,1173,1438,1906,
15:28:50.985 -> 1719,1435,1136,1175,1444,1904,
15:28:51.108 -> 1689,1416,1119,1166,1419,1866,
15:28:51.186 -> 1743,1451,1148,1192,1471,1943,
15:28:51.296 -> 1726,1439,1137,1181,1447,1913,
15:28:51.419 -> 1701,1427,1127,1174,1433,1882,
15:28:51.511 -> 1714,1429,1129,1174,1435,1899,
15:28:51.634 -> 1730,1440,1135,1181,1446,1917,
15:28:51.712 -> 1697,1418,1124,1165,1427,1878,
15:28:51.837 -> 1687,1412,1117,1162,1418,1868,
15:28:51.930 -> 1719,1432,1130,1173,1441,1909,
15:28:52.021 -> 1710,1427,1127,1171,1433,1894,
15:28:52.144 -> 1678,1408,1114,1158,1411,1848,
15:28:52.221 -> 1710,1423,1126,1168,1435,1897,
15:28:52.342 -> 1712,1428,1128,1169,1436,1899,
15:28:52.434 -> 1689,1411,1117,1164,1417,1864,
15:28:52.559 -> 1689,1414,1117,1161,1417,1873,
15:28:52.648 -> 1722,1432,1129,1174,1441,1909,